a=10.0
b=75.0
c=6.0
const4=4.0
const_neg1=-1.0
const2=2.0
b2=5625.0
ac=60.0
4ac=240.0
D=5385.0
sqrtD=73.38255923582933
neg_b=-75.0
two_a=20.0
num1=-1.6174407641706665
num2=-148.38255923582932
x1=-0.08087203820853332
x2=-7.419127961791466
