a=3.0
b=-5.0
c=-4.0
const4=4.0
const_neg1=-1.0
const2=2.0
b2=25.0
ac=-12.0
4ac=-48.0
D=73.0
sqrtD=8.54400374531753
neg_b=5.0
two_a=6.0
num1=13.54400374531753
num2=-3.5440037453175304
x1=2.257333957552922
x2=-0.590667290886255
